"","MSSubClass","LotFrontage","LotArea","OverallQual","OverallCond","YearBuilt","YearRemodAdd","MasVnrArea","BsmtFinSF1","BsmtFinSF2","BsmtUnfSF","TotalBsmtSF","X1stFlrSF","X2ndFlrSF","LowQualFinSF","GrLivArea","BsmtFullBath","BsmtHalfBath","FullBath","HalfBath","BedroomAbvGr","KitchenAbvGr","TotRmsAbvGrd","Fireplaces","GarageYrBlt","GarageCars","GarageArea","WoodDeckSF","OpenPorchSF","EnclosedPorch","X3SsnPorch","ScreenPorch","PoolArea","MiscVal","MoSold","YrSold","SalePrice"
"MSSubClass",1,-0.347867773661855,-0.139781081720146,0.032627707521842,-0.0593158170841048,0.0278501369467066,0.0405810447840645,0.0224471247141063,-0.0698357491671006,-0.065648579188524,-0.140759480835012,-0.238518409315119,-0.25175835187838,0.307885720759859,0.0464737558995172,0.0748531796577996,0.00349102577904473,-0.00233253455180231,0.131608222410281,0.177354388643917,-0.0234380284606272,0.281721040264882,0.0403800647836761,-0.0455693402745695,0.0540935528552067,-0.0401097931357836,-0.0986715431925645,-0.0125793582492195,-0.00610012123194222,-0.0120366219020947,-0.0438245491756085,-0.0260301766998066,0.00828270757962444,-0.00768329132986594,-0.0135846432383224,-0.0214070378510935,-0.0842841351265952
"LotFrontage",-0.347867773661855,1,0.297332681418715,0.237355405060543,-0.0399637911966514,0.0983825241881971,0.070897966328238,0.18539010781605,0.238768050972936,0.0565010874283719,0.11586582545354,0.385711402667332,0.435415338663463,0.0568592797868013,0.0266850967645344,0.370031767350853,0.107099866685835,-0.0131774569203605,0.177616413330416,0.034779287325671,0.224071839939876,-0.00234070790324069,0.312634321719903,0.246553039916472,0.0668421628968046,0.274705789984933,0.345320480506478,0.0815572584245918,0.11978846551767,0.0296999786388596,0.0544473295621355,0.0372632859231308,0.158574661106545,0.00752820959333707,0.00370839700876047,0.0137453226762218,0.338290507138106
"LotArea",-0.139781081720146,0.297332681418715,1,0.105805741754964,-0.0056362702740992,0.0142276517570247,0.0137884270781548,0.103702593087595,0.214103130705577,0.111169745496249,-0.00261835995009541,0.260833134545157,0.299474578507763,0.0509859482934938,0.00477896986634955,0.263116167167148,0.158154531060015,0.0480455708882968,0.126030626519644,0.0142594685664319,0.119689908151316,-0.0177838705048418,0.190014777625409,0.271364009624543,-0.00922107623825632,0.154870739753541,0.180402755151117,0.171697687257113,0.0847738088402163,-0.0183397336722123,0.0204228295861334,0.0431603776952519,0.0776723918801745,0.0380676920191834,0.00120498822258771,-0.0142614072985319,0.263843353871406
"OverallQual",0.032627707521842,0.237355405060543,0.105805741754964,1,-0.0919323426390718,0.572322768962362,0.550683924194172,0.410577511129154,0.239665966178891,-0.0591186926706898,0.308158926905643,0.537808498612391,0.476223829078177,0.295492879199709,-0.030429283979605,0.593007430028651,0.111097786142302,-0.0401501576699883,0.550599709368254,0.27345809864277,0.101676356241785,-0.183882234549221,0.427452343277989,0.396765037952089,0.555942653159617,0.600670716590715,0.562021756612608,0.238923392249186,0.308818823359452,-0.113936858595682,0.0303705671352646,0.0648863604935154,0.0651658436058918,-0.0314062105007464,0.0708151717851732,-0.0273467083278073,0.790981600583805
"OverallCond",-0.0593158170841048,-0.0399637911966514,-0.0056362702740992,-0.0919323426390718,1,-0.37598319560699,0.0737414981452899,-0.126312720847876,-0.046230855918225,0.0402291698997676,-0.136840569893523,-0.171097514624922,-0.144202784049059,0.0289421159658168,0.0254943199142137,-0.0796858653883382,-0.0549415154329519,0.117820915081393,-0.194149488749303,-0.0607693267615947,0.0129800600945506,-0.0870008554363804,-0.0575831661128655,-0.0238199777616622,-0.289672200569776,-0.185757510578364,-0.15152137057023,-0.00333369928938555,-0.0325888135215851,0.0703561844823037,0.0255036600241323,0.0548105287861151,-0.00198494226818438,0.06877680605725,-0.00351083859993994,0.0439497456924809,-0.077855894048678
"YearBuilt",0.0278501369467066,0.0983825241881971,0.0142276517570247,0.572322768962362,-0.37598319560699,1,0.59285497634365,0.312968276173158,0.249503196684798,-0.0491068311962394,0.1490403919544,0.391452002066095,0.281985858699801,0.0103076595843637,-0.183784344373722,0.199009713676458,0.187598549997143,-0.0381618056712331,0.468270787172674,0.242655910241065,-0.0706512169047304,-0.174800245614977,0.0955891282979523,0.147716399412456,0.800232498538322,0.537850091711105,0.478953819893492,0.224880142303997,0.188685840001731,-0.387267782928079,0.0313545130643638,-0.0503644345386119,0.00494972761594343,-0.0343831387367225,0.0123984705954423,-0.0136176800018421,0.522897332879497
"YearRemodAdd",0.0405810447840645,0.070897966328238,0.0137884270781548,0.550683924194172,0.0737414981452899,0.59285497634365,1,0.177786537340111,0.128450547128289,-0.0677585135659862,0.181133087050169,0.291065582604166,0.240379267603555,0.140023778804865,-0.0624191000783331,0.287388519650333,0.119469879111241,-0.0123370321277997,0.439046483872349,0.183330611718534,-0.0405809280677491,-0.149597521042746,0.191739816292808,0.112581318439476,0.622301500923958,0.420622154943218,0.371599809497309,0.205725920490103,0.226297632682989,-0.193919147099207,0.0452858098149757,-0.03874001074261,0.00582937203710778,-0.0102862487830816,0.0214900022268769,0.0357432471212826,0.507100967111386
"MasVnrArea",0.0224471247141063,0.18539010781605,0.103702593087595,0.410577511129154,-0.126312720847876,0.312968276173158,0.177786537340111,1,0.263605953015328,-0.0716747372817299,0.114292799934101,0.362817267199909,0.342646102751565,0.17272141223188,-0.0687582980529405,0.389200731108541,0.0842689103286021,0.0270844124381224,0.273916171651316,0.200475515778233,0.101461712456579,-0.0387076907687682,0.279809476639157,0.247593303844627,0.263328936427502,0.36384218206186,0.372897520013563,0.161062415981784,0.125900165064545,-0.110329108922571,0.0189881482562957,0.0618800896902737,0.0118362838553322,-0.0296143779003366,-0.00537588901265088,-0.00996287222803554,0.476790257341654
"BsmtFinSF1",-0.0698357491671006,0.238768050972936,0.214103130705577,0.239665966178891,-0.046230855918225,0.249503196684798,0.128450547128289,0.263605953015328,1,-0.050117400047151,-0.495251469257012,0.522396051992386,0.445862656092005,-0.137078986080054,-0.0645025969214685,0.208171130145327,0.649211753574265,0.0674184779101171,0.0585431368615953,0.00426242438448692,-0.10735467682307,-0.0810068507785746,0.0443156239129207,0.260010920235041,0.165396349433362,0.224053522393991,0.296970385344513,0.204306145237403,0.111760613356751,-0.102303305500732,0.026450506189899,0.06202062266535,0.140491286254957,0.00357147347495471,-0.0157269482621547,0.0143589223939124,0.386419806242153
"BsmtFinSF2",-0.065648579188524,0.0565010874283719,0.111169745496249,-0.0591186926706898,0.0402291698997676,-0.0491068311962394,-0.0677585135659862,-0.0716747372817299,-0.050117400047151,1,-0.209294492419945,0.104809537606368,0.0971174484566702,-0.0992603160226442,0.0148069979468337,-0.00963989155180544,0.158678060781701,0.0709481336559043,-0.0764438619651826,-0.0321478374689658,-0.015728113626581,-0.0407512364484074,-0.0352265479475233,0.0469207088260121,-0.0793834573227544,-0.0382635128692515,-0.0182265919073165,0.0678983264136122,0.00309256220989437,0.0365433394482101,-0.029993397993921,0.0888712513733905,0.0417090546813336,0.00493978122843771,-0.0152107379720066,0.0317056369848867,-0.0113781214502151
"BsmtUnfSF",-0.140759480835012,0.11586582545354,-0.00261835995009541,0.308158926905643,-0.136840569893523,0.1490403919544,0.181133087050169,0.114292799934101,-0.495251469257012,-0.209294492419945,1,0.415359605181589,0.317987438352726,0.00446909214454242,0.0281666881327412,0.240257268349935,-0.422900477383213,-0.0958042881524831,0.288886055486911,-0.0411175301445517,0.166643316986963,0.0300858683140001,0.250647061376249,0.0515748822895419,0.184107223441372,0.214175189750217,0.183302697742584,-0.00531642433306202,0.129005414615421,-0.00253785458975155,0.0207640056965479,-0.0125792734442568,-0.035092240793658,-0.0238366451345078,0.0348884430090821,-0.0412581949387617,0.214479105546969
"TotalBsmtSF",-0.238518409315119,0.385711402667332,0.260833134545157,0.537808498612391,-0.171097514624922,0.391452002066095,0.291065582604166,0.362817267199909,0.522396051992386,0.104809537606368,0.415359605181589,1,0.819529975005033,-0.17451195013496,-0.0332453873474564,0.454868202547903,0.307350553735504,-0.000314581819833756,0.32372241360665,-0.0488037386352125,0.0504499555126782,-0.0689006426420166,0.285572563725795,0.339519323898656,0.328197010253346,0.434584834291689,0.486665463773796,0.232018609129018,0.247263746288108,-0.0954777367064078,0.0373837272630049,0.0844889859143115,0.126053132100838,-0.0184789224314721,0.0131961786167785,-0.014968648018751,0.613580551559196
"X1stFlrSF",-0.25175835187838,0.435415338663463,0.299474578507763,0.476223829078177,-0.144202784049059,0.281985858699801,0.240379267603555,0.342646102751565,0.445862656092005,0.0971174484566702,0.317987438352726,0.819529975005033,1,-0.202646181002321,-0.0142406726664311,0.566023968935748,0.24467110424771,0.00195565358204875,0.380637494973507,-0.119915908793962,0.127400749392364,0.0681005881769132,0.409515978866832,0.410531084659847,0.249730368474716,0.43931680799067,0.489781654104192,0.235458622783698,0.211671225497984,-0.0652917009103091,0.0561043744848752,0.0887580726201567,0.131524975640283,-0.0210957194631223,0.0313715603520792,-0.0136037705046484,0.605852184691915
"X2ndFlrSF",0.307885720759859,0.0568592797868013,0.0509859482934938,0.295492879199709,0.0289421159658168,0.0103076595843637,0.140023778804865,0.17272141223188,-0.137078986080054,-0.0992603160226442,0.00446909214454242,-0.17451195013496,-0.202646181002321,1,0.0633529501093229,0.687501064166604,-0.169493951730999,-0.0238547839370453,0.421377982875971,0.609707300271744,0.502900613345906,0.0593057526482162,0.616422635491543,0.194560892241324,0.083575955775922,0.18392558307638,0.138346958571866,0.0921654175860388,0.208026063181358,0.0619886907732521,-0.0243576484220479,0.040606447641001,0.0814868780490996,0.0161968746043885,0.0351644273617909,-0.0286999139352855,0.319333802832068
"LowQualFinSF",0.0464737558995172,0.0266850967645344,0.00477896986634955,-0.030429283979605,0.0254943199142137,-0.183784344373722,-0.0624191000783331,-0.0687582980529405,-0.0645025969214685,0.0148069979468337,0.0281666881327412,-0.0332453873474564,-0.0142406726664311,0.0633529501093229,1,0.134682813006601,-0.0471434218982592,-0.00584150481931166,-0.000709509620673192,-0.0270800493171695,0.105606568540905,0.00752174434423394,0.131184775989548,-0.0212721434139388,-0.0571358836219511,-0.0944795201559328,-0.0676014132395222,-0.0254436479887911,0.0182510390539991,0.0610812377712269,-0.00429561041030011,0.0267994130217725,0.0621573722691894,-0.00379287077999646,-0.0221739605795378,-0.0289208797822981,-0.0256061300006795
"GrLivArea",0.0748531796577996,0.370031767350853,0.263116167167148,0.593007430028651,-0.0796858653883382,0.199009713676458,0.287388519650333,0.389200731108541,0.208171130145327,-0.00963989155180544,0.240257268349935,0.454868202547903,0.566023968935748,0.687501064166604,0.134682813006601,1,0.0348360495449055,-0.0189184831706347,0.630011646251115,0.415771636105265,0.521269510918995,0.100063164737755,0.825489374308843,0.461679133761447,0.247864355945602,0.467247418795186,0.468997477322966,0.247432820518848,0.330223961712,0.00911321032600308,0.0206431897101864,0.101510395682086,0.170205336000562,-0.00241563955029365,0.0502396808182728,-0.0365258196247226,0.708624477612652
"BsmtFullBath",0.00349102577904473,0.107099866685835,0.158154531060015,0.111097786142302,-0.0549415154329519,0.187598549997143,0.119469879111241,0.0842689103286021,0.649211753574265,0.158678060781701,-0.422900477383213,0.307350553735504,0.24467110424771,-0.169493951730999,-0.0471434218982592,0.0348360495449055,1,-0.147870960547601,-0.0645120486313151,-0.0309049591425333,-0.150672809207956,-0.0415025464314828,-0.0532752361233972,0.137927708427198,0.119826190400135,0.131881224406194,0.179189480420231,0.175315190079722,0.0673414613769818,-0.0499106490837532,-0.000106091539983974,0.0231477257635739,0.067615556180475,-0.023047024868617,-0.0253608943152599,0.067049137671407,0.227122233131494
"BsmtHalfBath",-0.00233253455180231,-0.0131774569203605,0.0480455708882968,-0.0401501576699883,0.117820915081393,-0.0381618056712331,-0.0123370321277997,0.0270844124381224,0.0674184779101171,0.0709481336559043,-0.0958042881524831,-0.000314581819833756,0.00195565358204875,-0.0238547839370453,-0.00584150481931166,-0.0189184831706347,-0.147870960547601,1,-0.0545358119836356,-0.0123399000522755,0.0465188483899507,-0.037944350227201,-0.0238363412622205,0.0289755866462599,-0.0641130532534676,-0.0208910589968786,-0.0245355795788793,0.0401612232595346,-0.0253237578890577,-0.00855533386857803,0.0351136308867723,0.0321214072090834,0.020024629838517,-0.00736652454362545,0.0328727052340906,-0.0465238817740211,-0.016844154297359
"FullBath",0.131608222410281,0.177616413330416,0.126030626519644,0.550599709368254,-0.194149488749303,0.468270787172674,0.439046483872349,0.273916171651316,0.0585431368615953,-0.0764438619651826,0.288886055486911,0.32372241360665,0.380637494973507,0.421377982875971,-0.000709509620673192,0.630011646251115,-0.0645120486313151,-0.0545358119836356,1,0.136380588749145,0.363251983023277,0.133115214196039,0.554784253533483,0.243670503079912,0.47738693178551,0.469672043267627,0.40565620845401,0.187703213835828,0.259977425468249,-0.115092963461342,0.0353530165838529,-0.00810609332811185,0.0496038255840338,-0.0142898449708481,0.0558721289917234,-0.0196688406915234,0.560663762748446
"HalfBath",0.177354388643917,0.034779287325671,0.0142594685664319,0.27345809864277,-0.0607693267615947,0.242655910241065,0.183330611718534,0.200475515778233,0.00426242438448692,-0.0321478374689658,-0.0411175301445517,-0.0488037386352125,-0.119915908793962,0.609707300271744,-0.0270800493171695,0.415771636105265,-0.0309049591425333,-0.0123399000522755,0.136380588749145,1,0.226651484150945,-0.0682625488969413,0.343414857540918,0.203648508095219,0.21254192254357,0.219178152167161,0.163549364016607,0.108080302675364,0.199740147512793,-0.0953165257360899,-0.00497248841731606,0.0724258451703808,0.02238149805541,0.00129014484928399,-0.00904988821265031,-0.0102686688681039,0.284107675594783
"BedroomAbvGr",-0.0234380284606272,0.224071839939876,0.119689908151316,0.101676356241785,0.0129800600945506,-0.0706512169047304,-0.0405809280677491,0.101461712456579,-0.10735467682307,-0.015728113626581,0.166643316986963,0.0504499555126782,0.127400749392364,0.502900613345906,0.105606568540905,0.521269510918995,-0.150672809207956,0.0465188483899507,0.363251983023277,0.226651484150945,1,0.198596757707134,0.676619935742649,0.107569680991324,-0.0536009016927388,0.086106437688353,0.0652525298988162,0.046853773069894,0.0938095716059144,0.0415704345195982,-0.0244777963661143,0.0442996911271347,0.0707025835654747,0.00776697199871767,0.0465438599362823,-0.0360138928337147,0.16821315430074
"KitchenAbvGr",0.281721040264882,-0.00234070790324069,-0.0177838705048418,-0.183882234549221,-0.0870008554363804,-0.174800245614977,-0.149597521042746,-0.0387076907687682,-0.0810068507785746,-0.0407512364484074,0.0300858683140001,-0.0689006426420166,0.0681005881769132,0.0593057526482162,0.00752174434423394,0.100063164737755,-0.0415025464314828,-0.037944350227201,0.133115214196039,-0.0682625488969413,0.198596757707134,1,0.256045408535949,-0.123936235296897,-0.145167962292482,-0.0506338924022174,-0.0644330471831442,-0.0901302726790344,-0.0700906098925859,0.0373123850329696,-0.0246003586905316,-0.0516133660614797,-0.0145251160159809,0.0623407240043792,0.0265889072309154,0.0316872065006547,-0.135907370842141
"TotRmsAbvGrd",0.0403800647836761,0.312634321719903,0.190014777625409,0.427452343277989,-0.0575831661128655,0.0955891282979523,0.191739816292808,0.279809476639157,0.0443156239129207,-0.0352265479475233,0.250647061376249,0.285572563725795,0.409515978866832,0.616422635491543,0.131184775989548,0.825489374308843,-0.0532752361233972,-0.0238363412622205,0.554784253533483,0.343414857540918,0.676619935742649,0.256045408535949,1,0.326114480177201,0.154854342710125,0.362288570814774,0.337822120636838,0.165983883714933,0.234191587831599,0.00415129902385638,-0.0066832410109396,0.0593825995594109,0.0837573495149244,0.0247628841635841,0.0369070771598445,-0.034516354302174,0.533723155582028
"Fireplaces",-0.0455693402745695,0.246553039916472,0.271364009624543,0.396765037952089,-0.0238199777616622,0.147716399412456,0.112581318439476,0.247593303844627,0.260010920235041,0.0469207088260121,0.0515748822895419,0.339519323898656,0.410531084659847,0.194560892241324,-0.0212721434139388,0.461679133761447,0.137927708427198,0.0289755866462599,0.243670503079912,0.203648508095219,0.107569680991324,-0.123936235296897,0.326114480177201,1,0.0824218762092425,0.300788766301356,0.269141238073872,0.200018795759024,0.169405327131202,-0.0248218685370685,0.0112572389927749,0.184530269516849,0.0950735220361988,0.00140860544304517,0.0463571024977197,-0.0240955649806993,0.466928836751528
"GarageYrBlt",0.0540935528552067,0.0668421628968046,-0.00922107623825632,0.555942653159617,-0.289672200569776,0.800232498538322,0.622301500923958,0.263328936427502,0.165396349433362,-0.0793834573227544,0.184107223441372,0.328197010253346,0.249730368474716,0.083575955775922,-0.0571358836219511,0.247864355945602,0.119826190400135,-0.0641130532534676,0.47738693178551,0.21254192254357,-0.0536009016927388,-0.145167962292482,0.154854342710125,0.0824218762092425,1,0.582815017870864,0.569556053923518,0.233552693108497,0.225669233098559,-0.287635007279652,0.0284724305468781,-0.0598536717610018,-0.0107234581008973,-0.0350332233747492,0.0025382981428105,-0.000396497829906852,0.503971426935776
"GarageCars",-0.0401097931357836,0.274705789984933,0.154870739753541,0.600670716590715,-0.185757510578364,0.537850091711105,0.420622154943218,0.36384218206186,0.224053522393991,-0.0382635128692515,0.214175189750217,0.434584834291689,0.43931680799067,0.18392558307638,-0.0944795201559328,0.467247418795186,0.131881224406194,-0.0208910589968786,0.469672043267627,0.219178152167161,0.086106437688353,-0.0506338924022174,0.362288570814774,0.300788766301356,0.582815017870864,1,0.882475414281462,0.22634213846986,0.213569445589692,-0.151434160026837,0.0357652851464538,0.0504937919271984,0.0209335310414654,-0.0430801281022306,0.0405217301282518,-0.0391169041128371,0.640409197258352
"GarageArea",-0.0986715431925645,0.345320480506478,0.180402755151117,0.562021756612608,-0.15152137057023,0.478953819893492,0.371599809497309,0.372897520013563,0.296970385344513,-0.0182265919073165,0.183302697742584,0.486665463773796,0.489781654104192,0.138346958571866,-0.0676014132395222,0.468997477322966,0.179189480420231,-0.0245355795788793,0.40565620845401,0.163549364016607,0.0652525298988162,-0.0644330471831442,0.337822120636838,0.269141238073872,0.569556053923518,0.882475414281462,1,0.224666307178763,0.241434672138088,-0.121776719561004,0.0350867002081597,0.0514117624452085,0.06104727170206,-0.0273999144126249,0.0279737998235406,-0.0273779404185588,0.623431438918362
"WoodDeckSF",-0.0125793582492195,0.0815572584245918,0.171697687257113,0.238923392249186,-0.00333369928938555,0.224880142303997,0.205725920490103,0.161062415981784,0.204306145237403,0.0678983264136122,-0.00531642433306202,0.232018609129018,0.235458622783698,0.0921654175860388,-0.0254436479887911,0.247432820518848,0.175315190079722,0.0401612232595346,0.187703213835828,0.108080302675364,0.046853773069894,-0.0901302726790344,0.165983883714933,0.200018795759024,0.233552693108497,0.22634213846986,0.224666307178763,1,0.0586606085658874,-0.125988888037601,-0.0327706335935744,-0.0741813512398323,0.0733782069564541,-0.00955122823837247,0.0210110442942974,0.022270451009255,0.32441344456813
"OpenPorchSF",-0.00610012123194222,0.11978846551767,0.0847738088402163,0.308818823359452,-0.0325888135215851,0.188685840001731,0.226297632682989,0.125900165064545,0.111760613356751,0.00309256220989437,0.129005414615421,0.247263746288108,0.211671225497984,0.208026063181358,0.0182510390539991,0.330223961712,0.0673414613769818,-0.0253237578890577,0.259977425468249,0.199740147512793,0.0938095716059144,-0.0700906098925859,0.234191587831599,0.169405327131202,0.225669233098559,0.213569445589692,0.241434672138088,0.0586606085658874,1,-0.093079317508649,-0.00584249934013575,0.0743039438502431,0.0607621114899259,-0.0185837389876493,0.0712548847586893,-0.0576193601420943,0.315856227116055
"EnclosedPorch",-0.0120366219020947,0.0296999786388596,-0.0183397336722123,-0.113936858595682,0.0703561844823037,-0.387267782928079,-0.193919147099207,-0.110329108922571,-0.102303305500732,0.0365433394482101,-0.00253785458975155,-0.0954777367064078,-0.0652917009103091,0.0619886907732521,0.0610812377712269,0.00911321032600308,-0.0499106490837532,-0.00855533386857803,-0.115092963461342,-0.0953165257360899,0.0415704345195982,0.0373123850329696,0.00415129902385638,-0.0248218685370685,-0.287635007279652,-0.151434160026837,-0.121776719561004,-0.125988888037601,-0.093079317508649,1,-0.037305282788046,-0.0828642448326034,0.0542025622921398,0.0183606001394477,-0.0288872657071425,-0.00991593695552495,-0.128577957925957
"X3SsnPorch",-0.0438245491756085,0.0544473295621355,0.0204228295861334,0.0303705671352646,0.0255036600241323,0.0313545130643638,0.0452858098149757,0.0189881482562957,0.026450506189899,-0.029993397993921,0.0207640056965479,0.0373837272630049,0.0561043744848752,-0.0243576484220479,-0.00429561041030011,0.0206431897101864,-0.000106091539983974,0.0351136308867723,0.0353530165838529,-0.00497248841731606,-0.0244777963661143,-0.0246003586905316,-0.0066832410109396,0.0112572389927749,0.0284724305468781,0.0357652851464538,0.0350867002081597,-0.0327706335935744,-0.00584249934013575,-0.037305282788046,1,-0.0314358470390957,-0.00799154887286893,0.000353965277939406,0.0294737952499402,0.0186449254047437,0.0445836653357484
"ScreenPorch",-0.0260301766998066,0.0372632859231308,0.0431603776952519,0.0648863604935154,0.0548105287861151,-0.0503644345386119,-0.03874001074261,0.0618800896902737,0.06202062266535,0.0888712513733905,-0.0125792734442568,0.0844889859143115,0.0887580726201567,0.040606447641001,0.0267994130217725,0.101510395682086,0.0231477257635739,0.0321214072090834,-0.00810609332811185,0.0724258451703808,0.0442996911271347,-0.0516133660614797,0.0593825995594109,0.184530269516849,-0.0598536717610018,0.0504937919271984,0.0514117624452085,-0.0741813512398323,0.0743039438502431,-0.0828642448326034,-0.0314358470390957,1,0.0513073945179056,0.0319457607749081,0.0232169917933071,0.0106941060037835,0.111446571142911
"PoolArea",0.00828270757962444,0.158574661106545,0.0776723918801745,0.0651658436058918,-0.00198494226818438,0.00494972761594343,0.00582937203710778,0.0118362838553322,0.140491286254957,0.0417090546813336,-0.035092240793658,0.126053132100838,0.131524975640283,0.0814868780490996,0.0621573722691894,0.170205336000562,0.067615556180475,0.020024629838517,0.0496038255840338,0.02238149805541,0.0707025835654747,-0.0145251160159809,0.0837573495149244,0.0950735220361988,-0.0107234581008973,0.0209335310414654,0.06104727170206,0.0733782069564541,0.0607621114899259,0.0542025622921398,-0.00799154887286893,0.0513073945179056,1,0.0296686508540218,-0.0337366402627913,-0.0596889316752602,0.0924035494918732
"MiscVal",-0.00768329132986594,0.00752820959333707,0.0380676920191834,-0.0314062105007464,0.06877680605725,-0.0343831387367225,-0.0102862487830816,-0.0296143779003366,0.00357147347495471,0.00493978122843771,-0.0238366451345078,-0.0184789224314721,-0.0210957194631223,0.0161968746043885,-0.00379287077999646,-0.00241563955029365,-0.023047024868617,-0.00736652454362545,-0.0142898449708481,0.00129014484928399,0.00776697199871767,0.0623407240043792,0.0247628841635841,0.00140860544304517,-0.0350332233747492,-0.0430801281022306,-0.0273999144126249,-0.00955122823837247,-0.0185837389876493,0.0183606001394477,0.000353965277939406,0.0319457607749081,0.0296686508540218,1,-0.00649455022128213,0.00490626245266662,-0.0211895796403033
"MoSold",-0.0135846432383224,0.00370839700876047,0.00120498822258771,0.0708151717851732,-0.00351083859993994,0.0123984705954423,0.0214900022268769,-0.00537588901265088,-0.0157269482621547,-0.0152107379720066,0.0348884430090821,0.0131961786167785,0.0313715603520792,0.0351644273617909,-0.0221739605795378,0.0502396808182728,-0.0253608943152599,0.0328727052340906,0.0558721289917234,-0.00904988821265031,0.0465438599362823,0.0265889072309154,0.0369070771598445,0.0463571024977197,0.0025382981428105,0.0405217301282518,0.0279737998235406,0.0210110442942974,0.0712548847586893,-0.0288872657071425,0.0294737952499402,0.0232169917933071,-0.0337366402627913,-0.00649455022128213,1,-0.145721412675387,0.0464322452238193
"YrSold",-0.0214070378510935,0.0137453226762218,-0.0142614072985319,-0.0273467083278073,0.0439497456924809,-0.0136176800018421,0.0357432471212826,-0.00996287222803554,0.0143589223939124,0.0317056369848867,-0.0412581949387617,-0.014968648018751,-0.0136037705046484,-0.0286999139352855,-0.0289208797822981,-0.0365258196247226,0.067049137671407,-0.0465238817740211,-0.0196688406915234,-0.0102686688681039,-0.0360138928337147,0.0316872065006547,-0.034516354302174,-0.0240955649806993,-0.000396497829906852,-0.0391169041128371,-0.0273779404185588,0.022270451009255,-0.0576193601420943,-0.00991593695552495,0.0186449254047437,0.0106941060037835,-0.0596889316752602,0.00490626245266662,-0.145721412675387,1,-0.0289225851687303
"SalePrice",-0.0842841351265952,0.338290507138106,0.263843353871406,0.790981600583805,-0.077855894048678,0.522897332879497,0.507100967111386,0.476790257341654,0.386419806242153,-0.0113781214502151,0.214479105546969,0.613580551559196,0.605852184691915,0.319333802832068,-0.0256061300006795,0.708624477612652,0.227122233131494,-0.016844154297359,0.560663762748446,0.284107675594783,0.16821315430074,-0.135907370842141,0.533723155582028,0.466928836751528,0.503971426935776,0.640409197258352,0.623431438918362,0.32441344456813,0.315856227116055,-0.128577957925957,0.0445836653357484,0.111446571142911,0.0924035494918732,-0.0211895796403033,0.0464322452238193,-0.0289225851687303,1
